################################################################################################################################
#   Test Case   |   Number of intervals         |   Which intervals     |   Passed
################################################################################################################################
#    1          |       1                       |       2               |   Yes
#    2          |       -                       |       -               |   Yes
#    3          |       3                       |       0,1,2           |   Yes
#    4          |       1                       |       0               |   Yes
#    5          |       -                       |       -               |   Yes
#    6          |       1                       |       2               |   Yes
#    7          |       -                       |       -               |   Yes
#    8          |       3                       |       0,1,2           |   Yes
#    9          |       3                       |       0,1,2           |   Yes
#    10         |       -                       |       -               |   Yes
#    11         |       1                       |       1               |   Yes
################################################################################################################################
-0.5 1
3
-0.9 -0.1
-0.2 2
-0.7 1

0 1
3
0 0.25
0.25 0.75
0.75 0.999

0 1
3
0 0.25
0.25 0.75
0.75 1

1 1
1
1 1

-5 -5
1
-4 4

-5 5
3
-6 -3
-4 5
-6 6

-5 5
3
-3 -6
-4 5
6 -6

-5 5
4
-6 -2
-3 2
1 6
1 6

-5 5
3
-5 3
3 3.2499996
3.25 5

-5 5
3
-5 3
3 3.249996
3.25 5


562.13 562.13
3
123.0 562.11
562.14 600.0
562.12 562.13
